001101011101111011111110110111111011111
000111101110111101111111011011111101111
100011110111011110110111111101011111101
110001111011101111011011111110101111111
011000111111110111101111101111110111010
111100011011011110111011111110111101111
011110001111101111011101101111011111011
101111000111110111101110110111101111111
110111100001111011111111011011110111110
111010110010111101110111111101111011101
011111110100110111101101111110101111011
101111111000011011111110101111110111111
110110111110001101111111010111111011110
111011011111000110110111111011111101101
111101101101100111011011111101011111111
011111110110111001101011111101111101111
101111111011011000111101111110011111011
110110111111101100011110101111101111111
111011011111110110001111010111110111110
111101101101111011000111111011111011111
110111111011101111100011010111110111110
111010111111110011110001111011111011011
111111011101111101111000111101111101100
011111101110111110111100011110011111011
101111110111011111010110001111101111101
111101011110111110111111000110111011111
011111101111011111010111100011111101101
101111110111101111101011110001011110111
110111111011110011111101111000101111011
111010111101111101111110101100110110111
110111011111110101111110111011001101110
111011101101111110111111011101000111111
111101110110111111010111111110100011101
011111111011011111101011101111110000111
101110111111101011111101110111011001011
111111111111111111111111111010111010000
111101011101111101111010111101111100011
110111111011101111111101010111110110101
111101110111011111010101111111011110110
