0000010001000000100000000000000010000010000001000000110000001111001000010
0011110000010000001000000000010001001100100000000010000000001000000001000
0100000000000010000000001000100000000010010001011000000011000010100000100
0100000001001000100000000000100000010010010010000000100010000000010100010
0100000100001100000100000000100100010010000010000000000010000001000000001
1100000010001000000000100000100100010000000110000000000110010000000000000
0000000000011000001000000000000011001000100001000000010100001001001000001
0000100010000000001001000000000010000000011100001101000000010010000000000
0000010100000110000100000101000000000010100000000000000000000001000000101
1001000000000010000000100100000000000000100100100000000101010000000000101
0000000000000000000000000000000010001001000010000100110000100000100011100
0100001000000000000001010100100000010011010000000000000011000100000000100
0001111000000000000001010100010000000101000000000010000000000100000001100
0000100010000000000000011000010001000100010100000000100000000000011100010
0010000011000000001000000010000101011001000010000010000000001000000010000
0000000000000000000000011001110011000010011000000000001001000000000010100
1001000000000000000000111000010101000100000000000000000101000000000000001
0000000000000000000000000001000000000000000110100100010000100010000001111
0100001100000010000010110000000000100000000000000000101000100100100000000
0000100010000000000000100000000010000000010101000000110000011100011000000
0000000000000000001001000001000010000000001010001000000100000001000111100
0000000100011000000010101000000000001000100001010000101000100000100000000
0000010001000000101101000000000000000010001000001101000000000011000000010
0000000000011101101000000000001000001000100001010000000000011000000000000
0010000000000101100001000100001000010001000000000010000000011100000000000
0000000011011000000000001000000100001000000011011000000000000010000000000
0000000000000010000000000001111010000000001100000000001000000010000000011
0000000010000001010010000010000000001101000000000001100010000000101000000
0011110000010001000000000010000000100000000000100100010000100000000001000
0100000000001101100000000010000000010000000010100100010010110000000000000
0000000000000000000000011010000001000110010000100100010001100000000000100
0000110000000010100000000100000000000000110000000000100000000000010100110
1000001100100001000110000010000000000100000000110010000010000000000000000
0100001000000111100000000000001000100000000000001000000000010110100000000
0000000000000000001000000000100001001110110000000010000011001000000000100
0001110000010010000000001000010000000100000001011000000000000010100001000
0100001000100010000001010101000000100000000100100000000000000100010000010
0100000000001100100000000001001010110000001010000000001000010000000010000
1011100010010001000000100000001000100000000100000000000100010000000001000
0000000000111010000000001001000000000000100101111000000000000000010000010
0100001011000000000001010000000100100001000010000000000000000110000000000
0011000100010101000100000000001100100000000000000000000100000001000001001
0000000100000001000010100010000000000100000001100000010010001100011000000
0000010101000100010100000010000000001011000000000000000000000001100010000
0001110000100010010010000100010000000100100000000001000001000000001000000
1010001000000000000101010100000000010001001000000111000000000000000100000
0000000001000000010000000000111010001001001000000000101000000000100010000
0010000000000000000001010100000010010001000000000000010100000101001000001
0010000100000000000010100100000001010001000000000010101000101000000000001
0000000100100000010000100000111000000000000001000000001000001100010000000
0100000000001010000000001000000010100000000001001000010100000001101000000
0000000100000000000000100001000000000000000011000000010000101100010011100
1001000000100100001101000001000100000000000000101000000101000000000000000
1000001000100000010100000000111000000000001000010011001000000000000000000
0000000000000001001001000010000000000100000000101100010110000001000100000
0000011001000000100010000000000000000010010000010010101000100010000000010
0011110000010000000000000001010010100000001000000000001000000000000011000
0010000001010001100000000000001000100000000010000000100000000000010101010
0000000000100000011001000000111000000000000000001001000100000001001100000
0000010101000000000100011000010001000110000000000000000000000001000100010
1100001000000010000100011000000000100000001000001101000000000000100100000
1000000000011000001100001000000001001000101000010101000000000000000100000
1010000100000000010000100110000001010000100000000000000100000000010110000
1000101010000000000010100000000000000000010100010010001000110000010000000
0010000000100000001001000001000001010000000100100010000000001000010000010
0001000000000100000100000000000100001001001000000101000001000011100000001
1000001000000100000100000001000000000000001010010010000000100000000011100
0001000000000100000010000000000100000000000001000000001001111110000000001
0000000000100011000010000000000000000100000100100001000010000010001000011
0100000000101000010010000000100000010010010000000001000011000000001000000
0010000011111001010010000000001100100000000000000001000000000000001000000
1001000000000100010000100010000100001001000000000000000101010000100010000
0000101011000000110000000010000000000000010000011000000000000000010110000
